$ANSIBLE_VAULT;1.1;AES256
64376130353366333731643164346638376137616331613564323739616661663363376238303561
3063623362376634393161396461643736356538363532330a643437636130666633336461636537
31356662646638653863303065656431663531363864656661646165343166383462326438386464
3066326336666632660a653437326438333236656265633261313866616461623663636262393730
66643633303665373465316338623063373930323934326462663536666134666431613739316562
35346431363761666234653035353438383861633165663938613632333134346362346666313162
65653862633032383261643333323438653635336565656132376438333964383033313037383138
32623634323130333263313333303035383563663639306133303934383439373631353964323263
64356433663030313131316336636538633939386463383563373533393231656133656464343463
31636430346135323266333534306663663538306132366432663430646334613262343861353638
33323761303237613465313663353966376463353537656465626634323135656166636662613734
61303431333161653865653963643937363437306333636561636436303961623138393333323834
64643664363339326230623838363834313430313830333333313536373536313435653232643264
38313137613936323866373435646164326635666161316661396364316561316539373364386236
34353064393137653131363665386331336463346166303137366637623265366463343232646236
36326463336330366131336637653263396237666333313530306466386437663233373061343638
30623663396362353238623733613862303038613038633663643938376232656234356535343465
65363965386232383030616239343164333633626562366334393930323431643766373163626237
39393538373161363838313163623964663334396636313137626333323065646164343536363933
35316436626638366263663461333164613162326536343738316230616536333731343161383336
31646237373937323732366338303061353734623036323939376165366264396362303139383934
62323564653966326164646438633932623139643962303361326439656163626463386430633462
65633533636566366464633266386339386532356635663530333862633865643565666266623130
65366136346236376366363636633664313733656231373462313338643131303837663339306438
3932
