$ANSIBLE_VAULT;1.1;AES256
38663436343264363636343564336162313436313630633337646139353337623865333136306239
3661633638373334653865633437646265336633373861610a316664613266656638306166623164
64323764333932656362363539646261306464626635663635306430356237316463346630356239
3035643630313166330a613530353437346138653632613766633238366238633532643034623439
37313765653132376361646235633738383163343530396333303238663032323362616461626436
64353333383731306132323266306339396433343265643731386631363366326432646465353161
65306637666439336434373137363937333962336638316531633531633164366132336535353764
30646237303465386331316431363932616637616266633236303463363639343461323665666162
38303739333230383863663234626635333836386330306537316139616330323564336436393236
39666664653736306636616635356236323563643664663237643165333139333463653062666464
33626331343437343564313735373136376339336266363132656330393338303230336536346162
39643335323663343965633431303266633666623735646438663861313935303731303236373137
61663036326539313164373664666534626537323566333634373162353066663661373337646436
32663738666134623464393831653162333966316535326461383833653064653435643637623939
61663938386562313064393830646362646333623532336136346635373033336432366233373337
30393032633638643866353964356132613766376664353737386434386564363736656230333135
33313531633334643265643237643266376435623861336164653232393861666132386662353366
64646639356265373162656134653863626663343566623464663466316366663638663563613033
38623162323336663930303365636235666532656464393666383435313034323932643834613435
61316364363663383565356362323133323537643339656134656537386162623935346138333464
62306563666532616666663030363461323565363363636266613463303737393034333835303366
64316265393732326532363737653233613437366139303931333836633332306230626166383933
33613134653538343830373934353763313564633537643237356263656265613034623764306139
36396235316465303635633731346135393964303634356266626130333663616164396531316631
62396166343235343066653964366238663565656436663539376232386539376331
