$ANSIBLE_VAULT;1.1;AES256
35313331636636303838663736323330663432306139303834643265313964663563643432613164
3437613662383533303634633839393433316365666531320a616662623330393639316163323630
35636266363131333865343862383636376134643235663635643630646537373035383436363263
3934393564353766620a383662616338373433663234386163393534346264303161643561656636
38643532313965623232343336646136303834373964373833326464633036343762626263303239
31346231666165373261613163636435646561356630636663323430383061336165303731316566
62316634373566386261653966643738663765323733653864333062396361366139326666363464
36333861633831323333393036383030636230616330323033353732383830343037396662376334
38643534303932663563303865623333643637323363626432303937376131643265333161393337
38303838323937366330356336396530643438613866323763386139353139653961633465656661
61636238616233373563356662653030623563376236646238366136633063313238343834373838
65313039626463303730623662656234383132666335333461643165613536373131386330343838
61303964363731323932373965343236376133613936383935623730383261326366353833323063
38386635646238306261613665306537366531336131363338316634356132326136633965623437
65626635386438306663633661366262663863383138333864633637376230303863663965353665
39393934343565633662663639336533323965383366383865656134653337656534323663326537
38306363636232343537333539386235396439653931316136376564343366376663623338376661
66323434626561353034366632346538393030326237643033643263656266656639636562343635
38313136333735323031636264396338353334383038376330636361616236393430613564336366
32646631346439643939316239323434666138306537333332386536633464353564323965646433
30373337333236643365653834333630363534386166333131343935383834383063363230393031
35616532343339616138343231613636356563306138643038346536333435616133343163636361
63303261633839636264363765633334666332623662666633353439643739353137383361353663
65626535623539366138303664343433383362346364313037653831313638333732386464653564
35393265623861633465633366313632653661633264353136323937323330313939666665386265
34373964313735633562323430373036323163613965616234363137663735653932646663623162
38633538363266633530363135666239633130623733626664333561346136653166303065343631
37313231633730636165613762633532626364323534636438373034366635663761333966636334
61363337383437373931323436383730386638616262656166643732363332336339616462663564
38636234393566666162653435343963303861666537346636663336656132383839323963383463
34353135656366653762663031353037386630316539663663353139306166316238643534376462
33636138333066396135356139393937356331393066303764303564333465353934366333653636
37633463326666356534383263613464323130313437666361333837636164633865313735333237
38643037643035366239346565616135373965663562383936633830383865623833326432323830
64373361613730356366336234623463333931346135323834623834663434653738646464386337
31383964356263393330356533626334373031353935353563636238613338363433373030363836
65633638643362623834653562643837643034663538626361363161626162303864343337646335
65363961356437303663373464343966346537346431323566623832353561376130343938373463
30363866653035646166663935363464333634666432653062313538376238366431326265393737
61643734363935623461656330656362383937653930306239626235383531316232363935623330
31653137663437343539623630383535373563393339346435376539373966333630386333633037
30643436623366633734386539616137306535366464303639623939363436373864643630323733
64633037616439343565363231633936363635303837333161663065386338376634333064643938
38333031333433313331393863353330363362313539353663363939343039316161616233393365
39616539376130373566666130343038303337623462666663316533366439343536363161366636
61303862326166396264336631336239356134356530313363306639356432626135643064633439
34633664636263333165316330623530633635386662653831346661623565643863656337646533
64643731373762356132366130323732373633396336623939623438636465326437613865373862
64366462373236396130656161356333666135343261383239663564353063333763343438303930
32333734393631656538356135373538343433373665363365663335393130653663646432383730
37356231643539653432366137653063313865623831306338303532623132613339626433616562
62613162303732633734633335626533633530663830333839366564306263633036623334616237
39333536333633643762656633643364343830386361396263646631356361623964653036353761
66303136623963393636386662653638386565306630383266333037306337333234373164643766
35643862626331373566333734353630363533663336633431316334653433626536633534353034
35623234653238626264626461613933663062363638333535326138653138356462653739626238
34306662626563363366303863373338343465633137383461623432373133363036626331656466
39623639326563643262353639613038306237653234366532396238333733386334333161336439
31633130353432643734613433646431643535306461373732353464393233663965373031656330
61663835383634323066616239333932313661646134333962613739376435656362396635623332
62393666316633356261326464333636633235303130666631306236623230663763346534313633
31303137316538346266306431643631393030633264363463323936623530326535346538373566
38306336303430333436313432666564383137356134303063613865353462656463303032396661
34666666363033353130323636343335623961316535393831313333353363663931373735663261
62666631363837613139396561653164383262383961616631313363393133303034396561303965
37626634373535613537666332316365633164393234643239346162396266346634663837653030
32633533653262313761643363373761316238336161363139656233623361323363353137333331
66633739346439343937633565616635616534383538623736636166326137396637343134346134
31306165363232613336383965653335623234636262613034653036636131356366393433643062
38343637323433346432306134646433616133333538623761656635343035633365386330663233
35333234336364643764666336313364353264656365626531346239366435333631333364666563
65646463646166623866316335383931656164363232343833346637343966643230646133633064
33373931343036356335356337306630336333643030386566396234353231303066323030393430
66633463326536313836343362363636316437666366613734653432633661313862346465613264
32633964303030376632306135373538613662313433323235613533343033353730333038633761
37373132663937613666373865653439303266346162306330663934623239613365633434633439
34313966363938313730373366373230653035366665663635336538316238653065343631396164
37643639666238656261646631623531383536643865666363666161323362333238323536653533
64343434306637646230323965363831666134346532663130653163316139363630643366646165
66373065356134306334663663636135636437353666656437383465366639323266303339343333
34666561663264306233356263386363356135376366343861393035353163636335656264383062
64626135353032396466303538393666333831393132366234366638393730663163626438663736
61376230333637623764383236363532666262383038656564383061353139366436346261356231
63623938613737323931393665333232653232373265336538383934323235353061346363306237
63643862643063616561663835346165643233333638303438636638666234393538316462656338
33623031633337333634623237653631353861643763636365343332336332616566633061666331
37393334653936626362666632643536383061396136333566323535303263343661666630663462
61333231366236626238313137333464336335353563353462646566626363333639333434646162
65323039303762343039306661336361343130633339343864393038393534306135633366636239
63613264623265643835653834343535643133636333643530363064313464663634303965366162
61633837313965356238643434323063376363613036643161343135613435326231333165373862
64373161623732633639386665373635373634316339383533643336303134656662343264633966
31646334303031666233376161643234343064333461353534373266356332356665373564343835
65633634393735636132353665663537353838353734373631663937666136383937376332393030
61343037333732396239333563316536643033306230396163623662646137393465613965313564
35663737393162356639633131353431386162653461333130333861633531336139323838393162
30653631303337623566663435326231636232646164303238343339303533313635616231646136
35393138373030303433383830626362346261663438666237326663366139373132396365643062
33386533643565313264636537633865333463396231393265313438633561356362623565656234
31383265366633316333663035363839326531343930333566626635623565646435636534353665
34313135373562636362323164653533316633653934623737396431626264643366366265353437
34386564336336353237366463366164323266396165336130616664393639613831376463616662
37313564363433393561666331313338356535326335333532326635363135653765356165373963
38653931363937653433326166343831353835613164376237666636356337333930636531356534
34333765373734366463383732666538323836666133363239666534633532386465323838623437
32646130306338383234643939373931363035393565653466373363386434633230386361653261
36633562376432323738396339323464613137323366373932336130656664386435613833336661
62323131623937303632626566626435643133303764633564396632383333666336623839393532
39343164323462356262363636333733643666393733396130623630613034613965653439383362
34343834373331623765306134613530316564666333356438653263656131353964613239636138
35366231626463643361343062393635323039353562613033343639663537616132343063633033
65326538393764633833636235336666356263303761633735353032333164653661353332653635
65326135313734306566613461636436613734663164306361366166373635656131393935613036
38303939303136396438396264363963393162633238643664363631623364633262333530646165
37643835666138363030666134626163663234653465346464373838356134313837616261663530
61303063656566613762346163373361363333653939353063653438363336663634333336303062
62363361653532383634316632633637633563383731383237376162623036346636623561326664
38323530396232376234336463376137616334393438373931383131373634633435313265346433
63353231653536306633376366306334313734373031353366376330326136633962363133656266
34663863346230373764366434623563316433313234633866383264653566346565333465396538
36303134376163353436636162376664343331646533393261666630623830613762313430623432
36343333396465373837623739323839663339633934363334666530636636633430363066336134
64666636613633626664643564303638353366613338616564613666373261366363616366313035
35373165633432353030336566336430356162346266333738306565646237356132356436346637
61663033616335396365333930646161306137363732356462656633623531633338646636313230
63633333356261616262636432383932353631623532336665613635373430393137636361323161
37373834306432323065393963306336373261656133303139376538616130333836306535343162
37613337643061393737333433306337333639336363396133333037396664306438663335393738
38656339343934613235343864633735666531336532343931656433626339313931663765623936
35666466303332656338623230353133353662303165363365666239353936373238356534393635
64623731646261623938643766343233613739313565366433313433363361313736316363393162
65626466326638366237363335343863643339386539343837653930623730353636366537353739
30323337663330373330383930326335396137323764353434373436613264313938
