$ANSIBLE_VAULT;1.1;AES256
38633431396131623264623364303638343265306262336263646637326236333162383165303433
6434393130653235366461636434386235373339633064350a316336653635383033633630323463
35643164643663373334633538323635393836373366613336623832623763343538396364613731
3265663836666563360a616532613734346535383730336664303436353130666262326638663130
65373061613530386262343833633438623033623662373739633534613635383637313863363539
66656436646637643835353839393935663866326439633433303538323930353430336635363735
35373231393537376230663761356234333862653030376237613134626139653131656361343763
31386538356461656433613064623337633561636532633531616661386562313439633032326638
39653261663132626565646532613032373734623434613831346334623034346238623963613934
38373438336535653332636131323762306439616665653561613436623262333933636437653163
34303763333661383034396534653565373565393062386538393834616461323432356461663963
61323364613633303735353937346465393930616233646165623863326533383836393731613361
63396139346432313361356566646431396639346663333135633937346663373566656164393962
32383131656139313766623235333963646333326238626437303064306130386338393630663363
62323961653631383362336363663263643232396164353564333064343838643934373862663337
65636165626162653931656135316230636133653538646235636261396166363966336530666162
35316364643766316633366230396364643864346534663762396163373635393337663036356561
32313361663237656137643033623532623064616231363362653132343737376639373134363031
64633133363930313032393632323563613631306132373364373635353436343963663037646132
33313035343232323130366266636338393439343564386339626364353436653961393633653330
31616664373837316338653837336431376231633962646534373130303963376433623963623033
63646566643937326465343237326561633563306365623235306436393331343064343439626338
66653534323535666337616437326331636337653037663032393438653130666234316231313439
39303239653466346433
