$ANSIBLE_VAULT;1.1;AES256
66626430346137353832633434333334323436383332303361383461336439356565343437316339
3838633331633262323066653932366232316236336134360a326462616566303331653464346331
65646336323766636230353566623434663663646235373961623638646538636131633735303331
3338383965653139300a353831396434663332343738346533353063373966393163386233353365
36626239356138376566386332643033653131303437646439373764353730343032353936653830
66633062613532376461343736343336366130636264613136613262383335386461383164613330
37373761626665623137373063363732396336626336363464623534343363323435353039336335
32383739396466623866353465363138376465653838323766393933323631333661323032376337
66376464666166316537333063613061343631653139326366313138333961313433353731626261
31653438663061336465353261643239366562633138383864316463663130353435316163313738
62646637306636323132323863636266356262326234303066613765336436373131313534356266
34353636316634346331326232396632636532646563343632356561616561383466386230363239
39643933346639663732653763366466373861653534363861353439373937633465643764363262
34303735646161343766623662353637666365643833383366306530343832613766373033346163
36366232363733333735663433376235336138326331616239633762346137353538383033383866
33316637343433313835646635373562373064616662616566633663386263666139396330373361
33343933623565366336393662356239626562343637393631323432613262616638376562383839
33613361366439323964303164663464323337623330623935376138636137386361316664346238
64366164663232653465656630343134356631643939336363353939383239393934396566316365
33386464343463313066623933356565393636666463376635666165356234366466653735303437
34613932333363336535373461376630366463623134326639663731636533323333613362663031
64633137303164366364633438393930333263643639353630656637313066373831323330316362
65303364613133333632636532393433303338343239373834336339623737303034373261316365
31363331633931323834653161303732313261323066303934393463396463633030333361346462
37396432396366316464353661363163353133343331333937373732313662616139383762343763
65663465376336646234356534376263336530346564353034616636643933333030643764326638
33616339316236313938666661373463306663333136336534356134623839653839636237313931
38363634613966613562343637626337336164366132323130306533333832383534616365353639
36663861653136646461333239323339326434316537353765653064373263626332
